385.30
146.98
389.20
137.12
389.20
129.58
390.10
232.60
227.20
260.70
211.00
129.00
123.78
370.90
230.74
389.50
376.90
222.04
382.60
371.20
285.60
116.82
228.10
117.40
376.00
228.10
236.20
240.60
220.90
378.40
270.30
277.50
276.60
222.10
126.10
230.74
281.70
123.78
367.90
277.20
119.72
225.40
129.00
226.10
118.56
118.56
384.10
216.70
223.78
258.60
374.20
345.82
152.78
377.20
346.40
237.70
383.50
272.40
116.24
375.40
121.46
237.12
255.10
212.50
378.40
238.28
263.70
372.10
383.80
385.00
259.50
205.80
128.42
389.50
232.48
361.00
142.92
285.60
280.20
112.76
233.64
233.06
234.80
146.40
208.70
380.80
222.40
247.56
211.90
261.90
223.60
264.90
359.50
213.40
271.80
217.98
339.50
233.80
233.06
275.10
784.72
1316.96
809.13
1538.56
1028.60
612.85
1352.53
1458.67
786.14
1355.87
759.33
1151.69
1391.68
1500.51
1417.49
1206.40
905.95
705.45
1228.96
767.21
1551.08
1511.88
824.54
1026.03
723.69
1480.40
792.79
782.80
591.15
929.00
1358.62
869.49
960.62
952.05
1356.03
816.00
1144.92
1331.82
1306.98
892.97
770.14
1043.21
985.73
907.40
967.04
1351.84
1326.34
1433.20
936.18
1371.32
954.24
1391.33
898.55
1465.90
1209.32
1001.60
1039.13
1208.77
833.84
653.58
1272.23
750.23
989.69
831.91
1374.94
1265.11
770.92
752.35
1563.70
573.86
796.19
921.87
811.27
1223.03
1314.89
1265.94
1500.01
773.26
759.33
658.69
1488.31
1285.01
1036.04
1560.64
982.47
971.29
788.73
939.93
816.77
1466.30
1212.55
1245.40
925.25
715.60
595.51
992.47
955.78
802.00
813.10
838.04
2028.98
1656.15
1838.04
1261.76
1604.99
2173.99
1510.77
1217.03
1428.14
1824.34
1710.66
1551.80
1655.95
1379.46
1714.31
1983.89
1458.96
1428.19
1610.23
1624.44
1426.34
1690.69
2461.55
2231.59
1809.95
1332.39
1394.03
1865.06
1355.71
2130.12
879.17
1678.68
1564.43
1978.51
1171.97
1740.25
1547.79
1708.53
1808.23
1681.65
1393.32
1592.07
1105.28
1645.67
2116.02
1808.31
1810.86
2241.99
1785.30
1879.26
1545.67
1656.20
1787.61
1630.55
2304.20
1286.37
1617.17
1110.36
1676.20
1421.26
1478.01
2209.33
2122.51
1681.73
1469.36
2296.50
1843.58
1359.96
1727.38
2050.22
1788.41
2061.16
1582.01
1295.15
1150.03
1197.97
2188.76
1328.18
1551.19
1411.07
2017.33
1296.70
1545.58
2131.77
1726.25
1763.16
1820.13
1228.21
1612.95
1372.43
1840.49
1863.01
2004.43
2323.44
1471.47
1515.72
1336.73
2362.29
1846.19
1786.64
1260.04
1061.84
2420.38
953.60
1471.10
922.13
1536.34
1756.00
1333.72
1395.90
1952.13
1492.20
1108.72
1970.83
1329.49
1040.88
983.42
1336.17
1297.53
1668.92
1397.72
961.22
897.97
1332.00
1423.44
1916.76
1073.68
1574.96
1633.64
982.64
890.95
1154.50
1095.70
1542.84
1364.51
851.50
797.20
1101.15
967.19
1007.38
828.83
944.30
1346.83
1258.36
1044.15
1091.58
1178.88
1069.65
1737.01
1023.95
1509.13
1091.81
1078.82
1021.65
902.11
797.50
1574.56
1474.40
862.60
728.30
794.93
1263.85
1673.83
1389.70
964.65
1542.86
1318.57
1771.19
848.17
1945.27
1074.98
1211.65
1491.20
1246.63
1467.13
1032.70
1608.30
904.04
896.38
1166.59
829.32
986.33
2382.96
1278.65
1272.38
1250.23
1534.58
1433.80
903.27
1296.26
1046.66
967.83
1669.71
1499.35
1590.80
1058.03
1313.10
1099.31
1067.59
1595.16
1342.17
1307.10
1208.57
1219.32
875.09
661.19
1174.33
916.75
785.96
1369.67
1066.55
1129.79
1102.37
1120.10
953.67
654.66
1455.10
660.30
1369.84
633.90
983.40
652.60
888.18
1088.20
830.80
857.50
1254.84
865.19
626.60
1396.89
631.10
931.00
1198.59
926.99
755.69
1576.19
980.00
1035.44
1137.10
1018.09
1122.55
1281.70
771.94
1050.99
669.09
1304.95
876.45
843.55
1409.00
706.80
858.25
728.61
881.48
1076.82
1385.55
865.72
1013.44
1219.72
802.62
905.91
1147.00
1140.67
1063.58
963.75
1492.61
952.42
1195.33
1368.29
1461.65
580.74
1050.02
1062.05
1184.65
1157.87
1114.15
1330.81
1335.17
1422.53
1303.61
793.92
830.87
1011.66
695.99
736.15
1196.68
1110.73
1497.57
1267.08
913.67
1537.86
743.91
865.62
937.15
1089.18
960.16
644.49
1304.37
995.38
1243.07
1278.87
1250.13
1222.09
977.25
561.40
1261.56
531.59
1344.77
846.38
1208.13
897.21
1076.57
887.42
881.05
718.67
591.63
1163.60
1096.17
1386.86
1125.77
854.28
1275.54
1248.74
1321.44
743.03
912.30
668.48
895.16
1087.98
1318.28
703.49
886.27
1026.61
1194.09
1059.00
806.66
1091.53
1541.90
751.49
1207.40
858.50
1212.01
1185.04
924.72
663.45
812.19
702.38
1218.93
1311.38
823.97
1309.18
1397.62
1042.73
1295.51
1411.25
1212.40
606.80
909.89
842.03
1097.82
1270.23
1062.38
1311.78
1094.83
815.96
1269.00
989.98
640.63
593.58
1084.50
1358.92
719.93
812.86
864.73
1587.04
1102.15
993.21
1423.33
908.25
1309.54
820.51
880.16
1067.82
610.01
654.60
1035.49
1244.87
1341.96
1126.85
976.27
1368.01
1485.50
1207.77
1201.68
1596.07
1014.64
1395.96
1320.69
1259.73
682.61
1180.54
1366.89
772.69
1632.17
1251.03
580.22
1272.04
855.41
760.04
665.17
1222.24
996.50
1223.86
1069.13
1537.93
1251.24
976.74
955.12
1312.42
1335.27
811.50
1604.21
596.40
1171.14
587.38
1174.84
1311.00
1426.55
707.60
1567.08
896.41
797.25
813.16
1030.65
1415.81
1075.60
807.75
1392.13
1297.53
1020.53
1506.86
731.31
1007.60
818.98
1125.43
1229.02
1052.15
797.64
1293.06
1253.78
709.48
1689.73
1712.55
1987.51
1735.53
1424.02
2077.54
1875.88
1885.39
1656.73
1793.63
1968.13
1882.54
1868.48
1812.28
1980.28
2015.39
1925.60
1884.75
1894.88
1917.80
1879.77
1868.36
1623.34
1747.36
1832.76
1478.57
1713.89
1812.83
1373.13
1816.54
1980.74
1808.81
1882.03
1870.91
1725.23
1863.11
1510.49
2039.79
1978.28
1426.95
1827.27
2033.36
1868.83
1799.66
1858.21
2044.24
1711.69
1858.03
2058.00
1892.65
1524.30
1940.13
1728.76
1811.47
2066.29
1805.11
1818.04
1716.36
1725.66
1704.41
1443.92
1693.37
1301.85
1912.09
1757.69
1875.07
1894.78
1482.69
2090.41
1519.43
1990.31
1723.82
1786.09
1804.49
1921.04
1837.18
1774.12
1765.60
2024.64
1705.15
2014.49
1583.81
1884.65
1980.79
1649.26
1690.81
1959.59
1644.73
1719.46
1730.36
1510.28
1829.89
2033.14
1876.49
1954.37
1912.77
1988.22
1628.28
1644.24
1908.01
1796.80
922.60
1381.60
2300.18
1350.95
923.80
1324.31
1379.29
713.79
1658.65
2256.00
1364.57
2110.62
2274.73
1764.29
2354.65
2092.24
1402.67
2054.81
1933.84
1011.90
2277.05
2074.80
2326.15
1684.89
1531.10
1024.74
1068.26
2459.82
1433.50
1908.04
1043.83
1914.61
979.84
1552.40
2383.67
932.94
2408.46
1796.24
479.58
2036.76
1781.47
1529.42
765.54
1920.34
2151.66
2354.84
1097.80
1699.99
2302.00
1103.53
1399.16
1657.03
2154.34
1366.89
1407.67
1413.99
1346.45
944.94
2270.38
1451.47
1477.32
622.83
293.50
1131.97
1031.41
1364.21
2504.42
1805.90
1150.44
1824.80
1935.20
1358.25
632.60
1290.63
1386.23
1431.48
1174.19
1232.50
1721.91
1734.40
1316.07
1124.50
1665.01
641.62
1894.89
1302.59
1997.26
997.48
2051.45
2106.88
1998.84
1617.16
2562.67
1950.43
1172.98
1520.07
1040.33
896.30
1125.11
1818.94
1319.76
1266.51
2077.46
1390.36
1695.58
1361.84
1298.47
1828.00
2222.28
1918.00
1129.82
1530.70
1421.92
2795.67
1443.53
1758.29
1283.45
1558.31
1689.64
1111.80
1690.54
1648.11
1128.11
1055.01
2057.75
1692.70
1606.68
1357.75
2331.86
1396.00
1323.70
1012.30
860.93
702.14
1109.50
1560.64
1048.79
1336.76
1187.99
1386.58
1169.61
965.60
2334.35
1097.58
2011.60
2244.86
1007.30
905.00
1930.63
1093.03
1736.31
1967.33
2078.56
1361.43
804.82
1249.27
1241.36
1169.07
1967.66
2256.00
1171.46
679.30
995.40
1974.15
1488.05
1112.09
1296.23
1437.54
2020.98
1968.94
2258.69
931.79
2108.84
952.48
1027.80
1932.72
2594.37
1058.50
1603.96
1306.49
2142.22
2083.86
1851.20
1399.60
1143.50
665.70
825.22
986.61
1702.21
2540.78
1932.23
1597.75
1408.83
1152.76
1435.31
1882.63
1730.44
1185.55
1918.31
2008.83
1013.70
2384.30
1507.95
962.92
1698.93
1157.10
1526.40
1059.77
2541.72
1328.07
1793.42
1408.06
1561.50
1397.20
2258.47
2210.99
2515.27
1565.60
1340.20
1086.76
2556.07
1842.32
2041.42
1270.29
1168.74
1520.04
645.11
1389.75
1914.04
561.76
1497.68
1576.50
1902.57
2467.22
1541.45
1922.94
2365.09
2596.11
2289.12
1266.90
1546.24
2225.07
1464.77
2486.89
1865.26
1221.41
1652.85
1530.76
1387.23
717.29
811.87
2453.00
1166.00
2016.28
2761.71
1133.86
2103.31
1703.62
2544.58
1776.55
2327.79
955.68
1690.67
1486.00
1187.60
1234.20
1251.47
1589.33
2226.80
1113.79
1437.70
1017.62
1663.67
1183.50
1631.46
2114.02
1720.63
2316.11
1359.18
881.43
1073.93
905.21
1693.83
2066.40
981.14
1314.41
1132.46
1316.37
1472.29
1014.36
904.03
2163.48
1454.75
982.84
1660.33
767.15
1760.66
1175.28
1648.98
1132.17
1829.56
1155.99
2328.01
2531.54
1669.01
1918.28
1276.25
1275.46
2447.99
1936.68
1477.42
1549.60
1521.69
1442.80
1141.40
2060.26
2024.34
1837.85
1257.43
1110.10
1999.75
1762.65
1510.79
984.30
1313.10
1316.86
1297.80
2155.00
1072.03
961.90
1849.40
1645.48
1887.99
1255.70
671.64
1273.90
2269.12
1858.28
1338.83
1692.83
1355.68
1463.60
1544.52
1367.06
2285.50
648.90
1512.20
2288.96
2018.02
1164.30
1051.49
2365.76
1090.69
2036.34
2120.16
1785.02
1421.76
1185.93
2335.92
1895.77
2072.28
1472.81
1896.18
1241.10
1809.47
1865.21
958.05
2021.36
1550.82
1500.86
1481.76
2187.68
1028.15
1366.41
1827.74
1319.20
1896.72
1730.93
1261.41
1464.82
1753.74
1950.22
1248.00
991.95
718.40
1038.80
1419.83
2166.98
1988.52
1655.94
1283.52
1623.85
1097.63
1581.41
1344.61
1680.51
2096.49
2295.84
1023.19
1614.80
1552.23
521.40
2713.51
1948.00
1575.59
1607.88
1757.90
2316.00
945.28
653.47
1511.64
818.03
2189.18
1233.15
2015.46
626.60
2749.31
1329.18
1650.00
1923.11
1181.87
1560.72
1554.12
1474.75
1804.42
1816.22
2024.62
2504.38
1427.50
1014.30
1253.08
718.78
1795.77
1998.25
2088.36
806.43
1535.86
1565.79
1506.19
1833.49
1465.50
1871.81
1910.94
1670.53
2563.86
2303.50
1102.51
1634.48
1453.41
1656.61
1424.01
1282.80
1232.00
807.44
657.08
1760.63
1118.76
1677.59
1252.42
2090.71
565.47
2003.89
976.83
1389.28
1777.15
1037.80
1441.76
1912.17
895.15
1484.48
1817.20
1545.86
2276.90
1116.80
2151.44
993.10
1568.89
1076.98
1800.77
1061.67
1483.65
2018.49
1574.20
1844.68
585.57
1532.20
822.54
2408.70
1127.12
917.38
1705.29
874.94
977.35
1335.34
1086.50
1981.20
2509.03
1834.19
2689.58
2270.37
1657.03
1163.67
1501.80
877.77
1252.54
1487.20
1253.78
1315.98
2004.68
1497.60
769.90
1820.11
1615.57
1143.18
1753.52
2499.84
1278.51
1569.40
806.71
1707.16
722.90
1113.55
1834.45
1090.10
1909.00
1981.01
1201.89
1213.64
1548.46
823.80
1241.10
2024.24
1174.59
1652.73
1172.77
2145.37
921.70
638.60
1752.67
1158.70
2396.21
1243.76
1897.46
1364.74
1899.10
1156.59
1154.50
1030.80
1461.21
2307.69
1940.00
1548.16
1036.80
2020.78
2081.43
2084.62
2011.72
716.00
986.70
1684.80
1404.37
1029.20
1511.49
2364.66
1503.26
885.42
1534.97
1718.21
876.38
1517.18
1166.50
883.11
1640.00
1178.80
1068.70
2057.13
1531.62
1707.10
702.94
1383.60
1534.62
1464.10
1652.21
1571.74
1092.40
1431.57
902.69
1556.84
668.08
684.92
1292.96
1366.26
1283.25
1070.68
1671.07
1475.14
1664.74
1205.36
1232.65
1605.07
1361.30
931.60
1334.10
2505.71
2134.07
1624.16
1728.48
873.10
2188.50
1416.63
1233.41
1486.39
1334.90
1849.45
1484.00
1315.87
970.89
962.72
2175.83
2164.91
1712.34
1332.68
1700.48
1862.96
1836.74
1165.70
924.60
1316.44
799.22
2200.12
2088.80
1513.93
2263.34
1742.45
1988.00
2481.32
1500.03
1134.20
1006.53
1382.13
2428.72
1688.03
1803.16
1956.24
1589.28
1612.87
2355.75
1620.06
1417.73
1523.73
1991.60
1807.48
2048.64
1178.22
822.40
1812.04
856.55
1614.01
495.82
2494.81
1130.26
926.65
2311.50
1414.00
1516.80
1209.36
1346.80
1436.11
2374.48
1862.58
1525.35
1591.16
2016.06
883.01
2072.07
1637.71
1769.10
841.30
1560.54
1663.36
1633.69
1480.14
2095.32
1036.50
573.94
1945.24
1466.86
1295.64
2222.25
1105.90
2450.72
1561.34
2295.23
1088.70
1880.85
1556.65
2583.42
2545.41
1295.87
2355.17
2148.82
885.25
928.64
1854.80
1757.70
1244.40
1287.60
1374.78
520.36
1163.59
1099.02
1043.55
1293.84
2304.54
960.40
2190.90
2095.85
1535.86
1116.70
1709.93
1426.59
2512.93
1267.37
1353.95
1937.56
1525.93
1503.32
1640.00
2569.30
2357.81
1393.73
1768.68
1091.49
1810.57
2265.67
1809.20
2320.70
1597.20
799.20
1981.90
1604.20
1725.73
1807.20
2080.21
1312.60
1793.62
1346.08
1933.04
1008.00
1815.00
2354.19
1523.05
2358.37
1471.21
1851.99
767.34
706.11
1700.43
1373.33
2014.21
1196.51
2204.49
1438.19
1292.57
1471.66
1119.50
1295.41
2067.87
1947.54
828.04
1350.60
876.08
1966.99
899.46
1429.56
1737.23
902.50
1566.49
768.52
808.61
665.71
1776.38
1238.16
1070.90
1530.32
2690.00
1270.75
529.20
1706.00
1058.31
885.65
1429.84
1244.59
1300.94
1978.32
1910.65
1916.61
907.73
533.90
1480.25
1618.87
1451.04
1653.05
602.94
1635.60
503.10
658.00
1309.21
1777.33
775.20
703.80
1358.76
1452.77
1572.56
1196.10
1795.74
1072.90
978.10
969.71
1487.74
1785.18
2266.87
1813.56
1644.00
2236.54
1117.10
2406.15
1563.00
1822.54
1519.98
1369.08
1873.42
1024.31
1011.10
1048.60
1278.82
1658.90
1802.05
1847.80
1134.40
1703.80
1276.22
1049.28
1490.99
1175.62
1315.50
1430.51
1859.20
2737.35
1390.19
1873.00
538.30
1478.59
1084.70
2713.87
1538.00
1123.01
1638.15
1351.82
2258.04
2031.61
2094.29
1465.20
1825.10
1393.69
2664.00
1545.44
560.44
1266.34
1207.80
1005.70
1693.41
877.59
1447.91
1840.30
1532.62
1978.82
2573.70
1015.10
1448.48
1799.74
1036.46
1581.14
1520.80
1355.12
907.75
818.30
1304.39
1442.26
1796.41
1347.74
1227.61
2052.91
1210.85
1237.52
1446.48
1644.33
1060.05
1386.31
1233.31
1310.43
2370.99
2641.35
2404.35
1463.14
976.26
1629.36
923.20
829.87
1175.74
1175.98
1785.50
1587.31
2021.75
1994.15
1594.75
975.40
2342.79
1083.64
1101.95
2297.29
761.35
372.04
1118.96
736.11
1611.30
1249.83
1131.55
1270.40
1403.60
1545.36
1835.51
930.73
1768.41
1481.82
1185.07
2295.61
2358.28
1192.01
1312.13
488.28
1132.30
1441.41
1059.89
1076.22
782.71
554.80
2452.02
2559.40
968.06
815.15
2357.49
693.08
2138.91
1764.80
1247.28
1275.86
1857.58
782.23
1329.96
573.34
2396.60
1560.03
2423.48
666.75
1340.50
1508.36
1470.04
1342.79
1394.64
1970.61
1964.00
1237.50
1176.80
1126.53
1105.22
1073.69
2310.03
2241.64
1560.59
1852.77
2349.66
2051.46
869.66
1012.60
1656.80
970.84
1226.92
1344.06
1500.08
1977.25
1435.77
2047.45
1890.41
1492.63
1539.78
2200.11
1785.77
1324.07
1110.80
987.64
2188.38
951.03
2180.52
1147.38
1373.84
1939.84
1853.57
2375.45
1550.54
1698.90
1689.34
1305.55
1291.37
1650.63
2610.52
658.70
1010.80
1551.00
1709.92
1393.81
1371.85
2146.64
993.44
628.58
1733.10
1474.52
1643.10
554.80
1859.17
1052.61
934.46
2193.94
1571.45
1176.50
1718.40
1429.01
1483.20
2482.46
2541.02
1414.05
1505.80
1381.97
2579.07
1485.20
847.52
885.97
1300.58
1436.48
1177.64
2171.18
1811.07
1017.10
2358.27
1928.80
1764.42
1578.17
1175.33
2084.31
1235.61
2396.12
695.31
1570.75
918.82
1459.69
1322.30
1744.63
1043.66
2197.58
2000.65
1248.24
1093.12
1224.80
1507.20
2023.34
1551.03
1328.11
914.74
1795.51
1862.45
1320.81
1019.50
1316.88
1257.25
1116.34
1056.94
2236.41
604.70
1602.35
1629.51
1098.79
954.03
1284.16
451.90
1573.79
1760.50
797.96
2022.24
1217.91
1886.06
2211.11
1145.15
1239.20
1061.33
1115.00
1097.29
1457.28
2318.53
1550.28
1082.95
845.01
1605.63
1390.97
1348.12
699.90
1487.20
1921.96
1732.94
1010.10
1321.97
1420.85
2040.78
2422.80
1006.91
1302.78
2245.10
1084.61
1335.05
1149.81
1838.10
989.97
2022.70
1501.91
1587.77
1758.89
2446.10
1077.53
1213.80
1197.56
2491.44
1983.93
1994.15
1472.95
1288.09
2280.54
2306.40
1053.89
1495.90
1418.70
1844.40
1476.44
1460.80
1117.75
1176.91
1354.71
1103.90
1511.28
1531.40
1624.63
1588.11
831.83
803.53
1396.39
1261.07
1840.89
889.35
2550.90
2045.15
2056.64
1423.67
1545.84
1239.22
943.78
1472.39
1343.33
1403.79
1472.49
886.35
2019.87
1970.97
2002.40
1991.71
1330.70
1262.10
2110.76
770.56
1333.81
1672.80
1840.44
1904.23
1173.35
1040.00
1027.20
1695.81
114.50
926.34
1702.49
1634.37
1912.66
1647.60
1490.56
756.77
828.08
1509.92
2256.45
1137.49
1896.79
2164.27
1739.60
1798.32
1845.80
1251.71
1623.36
1299.60
1110.55
2230.43
852.97
2043.18
1316.91
1778.85
1350.07
960.40
1625.11
1727.22
1114.22
971.20
1121.90
2384.22
1615.60
1443.28
1406.46
1495.26
1511.96
1985.36
2078.28
690.90
395.82
920.17
1652.02
2201.88
1763.26
1802.65
1438.94
2136.52
1437.40
2308.96
1553.12
2062.37
1839.34
1051.46
1329.40
2524.51
1255.55
2405.31
820.33
1290.56
1371.66
1028.41
1545.21
1486.40
1240.25
1142.05
1738.74
546.20
2328.85
1125.20
2092.00
698.47
983.90
2354.85
1346.50
1938.44
1554.05
2222.12
1671.40
868.70
1959.72
1698.23
1040.83
1274.66
1214.90
1595.13
1985.40
1398.08
543.32
1645.10
1295.70
1904.86
1859.91
1485.50
1419.60
1205.37
1359.51
1770.88
1899.52
1034.85
759.26
2365.96
1506.80
554.48
2268.47
1836.61
2089.49
1495.74
955.56
1179.73
707.96
2039.96
1625.22
944.87
1496.18
1850.64
687.00
1046.96
965.12
1755.07
1415.80
2045.22
1204.88
1787.46
1498.85
1659.05
2428.47
1623.66
2275.27
1338.47
802.90
994.66
1872.57
1524.80
2210.68
2215.91
1335.75
1323.43
1262.10
2348.98
1790.08
1076.73
1190.29
1127.15
1307.20
1483.40
1033.01
1422.58
1447.54
1999.22
1124.20
1494.52
1170.56
1609.50
2135.47
1757.83
2003.76
1604.73
2402.11
1874.33
1685.58
1337.85
1663.30
1763.40
2508.57
1926.63
1312.22
1005.04
1829.20
1690.54
1795.39
1424.58
2208.11
2368.87
1736.89
1095.80
1825.66
1829.26
1627.33
1038.30
2180.61
2205.86
629.60
1931.01
2284.91
1623.48
1078.29
1317.07
839.20
1128.58
1622.38
1657.94
1310.33
1048.04
793.07
1081.12
1275.84
954.23
2289.10
1448.87
891.70
1140.02
1220.44
2129.57
1514.24
1832.69
2084.13
1078.12
1460.81
1859.56
1780.05
2625.47
961.30
1449.42
1062.50
1554.36
1630.88
1672.30
1318.37
1205.37
1057.00
1738.20
1186.60
1611.20
1277.09
2041.30
1385.10
1810.51
1511.50
1270.41
2064.80
837.39
2342.18
1103.76
835.11
2002.27
1232.91
1512.72
2469.31
1290.81
2090.71
2209.55
2148.14
927.03
565.54
1029.97
1517.72
2097.47
1643.62
2276.63
2285.88
1237.79
2029.59
686.95
706.03
1319.40
1049.40
283.64
1222.09
1762.82
1900.54
1736.23
2475.46
1133.57
1972.28
1532.40
2291.00
1497.06
1197.17
1956.55
925.16
1715.84
1976.11
1665.28
1451.35
1476.91
1953.01
1706.08
1332.90
1379.12
1047.80
2019.96
896.39
2012.96
2699.25
954.50
2341.06
274.36
2375.45
1201.17
2122.76
2162.87
1566.60
2341.86
2515.93
1089.63
1089.20
860.62
1266.93
1860.06
1379.15
1273.94
1501.60
1048.97
1932.87
1681.42
1481.60
395.82
2468.65
581.80
700.20
1755.34
1215.34
1915.44
1660.83
1607.70
2351.89
1691.98
1505.24
1124.30
1358.61
1249.43
2247.96
1116.26
1729.74
1326.81
1455.60
1816.50
1626.00
1890.76
821.15
1589.74
1321.42
2353.38
1827.40
1150.30
1653.17
1617.90
983.20
1540.95
1841.82
1450.01
2040.41
1068.00
2251.76
842.91
2334.20
2335.13
1648.80
1176.35
1564.31
1176.42
2206.60
1608.25
902.06
2116.51
1046.30
1303.63
669.86
966.00
613.30
1695.64
2349.01
1829.34
1741.80
1311.21
731.86
1505.84
2259.07
1349.80
581.91
1179.63
1380.93
738.90
1357.38
863.44
1057.09
1178.92
1992.00
1057.30
1020.04
861.59
2402.00
1220.40
2405.05
2355.99
842.62
1312.82
2329.54
1794.70
1371.89
1187.13
1461.64
1291.46
1393.72
989.51
1974.99
1920.77
1622.93
1647.93
2315.57
1913.87
1457.65
1697.68
1353.73
1518.30
2257.80
1627.99
1581.59
1721.20
1504.11
1148.20
685.77
969.41
1068.00
1059.20
374.20
1527.51
2291.31
1870.04
1405.04
1525.92
1290.75
1740.11
1518.56
1064.21
1299.00
761.46
1261.20
1950.46
1206.62
1265.89
702.94
2250.48
2051.12
1815.47
811.37
1417.10
1093.10
2132.11
1250.40
1004.89
1348.44
1457.27
1215.11
2259.64
1562.75
1767.34
1566.84
1247.80
2107.63
1345.91
2048.51
1522.79
1254.58
971.23
1400.07
1108.46
2032.36
1371.33
1658.14
1728.84
1556.61
1018.02
1113.64
1581.63
1259.90
1656.06
2084.31
1674.80
1760.40
1042.22
1983.40
1031.98
2021.81
1144.68
1125.74
1404.06
1801.12
1065.24
707.41
493.50
1962.52
1342.35
734.05
1193.80
2481.28
1421.64
1143.86
2336.11
1654.76
1198.50
1546.84
1204.10
2469.52
1346.73
797.80
2324.83
1445.57
1714.50
1757.18
2712.54
1240.55
1772.32
1449.81
1197.40
1418.16
1456.31
1237.05
1093.44
1372.80
2599.83
1317.17
1009.01
1756.96
1587.60
1133.70
2115.73
1384.58
1205.20
1091.30
1104.65
2103.78
701.99
1567.07
1221.55
2657.54
1712.82
1306.40
2022.55
2139.85
1922.98
1658.52
1443.15
1312.08
2138.40
947.40
2218.20
2481.26
2378.85
1230.26
1903.50
1476.00
1522.65
2122.19
245.85
1658.00
1306.76
1584.15
2292.67
2010.80
1101.04
1688.80
1621.20
1820.11
1141.60
1731.36
1852.34
1521.49
1016.24
1860.30
1155.64
1073.41
806.20
684.82
708.66
1658.77
571.91
1249.20
870.93
1582.40
1909.98
2251.72
1116.50
2422.59
1561.50
1084.30
1904.89
2338.71
1040.18
1210.91
1379.77
1542.12
1359.10
1722.00
1749.13
952.62
619.58
1779.28
1101.20
1342.87
1217.89
2117.74
1763.82
1662.22
1257.11
1766.30
1768.34
1790.23
2461.83
1152.41
2006.86
1158.10
1408.82
1776.72
1113.98
2370.74
1180.57
1271.38
1170.30
2502.94
1392.62
928.11
1444.00
1424.59
1710.00
1162.59
1369.63
1708.83
1741.71
1854.07
1574.89
1384.10
1711.00
996.80
680.42
1951.19
1593.03
2297.80
2484.09
1027.26
1767.10
1762.91
2380.91
983.64
2389.48
902.10
1323.44
1030.50
856.82
2479.90
2183.20
571.46
2247.17
1869.65
1795.70
1255.80
1364.05
1623.45
1370.16
2231.31
1203.41
1143.38
1641.20
1675.00
2447.18
1379.50
1743.38
2372.28
543.69
1242.56
1303.62
1460.87
878.55
801.44
1877.59
2283.77
1743.05
1374.90
1017.72
2268.55
2082.05
1369.12
1895.02
1084.24
1618.93
1894.56
1394.00
1499.32
1620.30
1113.41
993.20
2125.69
2173.10
1529.88
2333.67
2511.51
2257.07
1721.20
1643.34
1319.96
1510.41
1790.42
944.25
1202.17
1511.78
1927.30
1038.96
1929.52
1132.74
1526.36
1959.75
1283.80
1293.39
561.59
1234.50
1209.40
797.39
1098.18
1560.94
1796.31
2182.58
1073.34
1671.55
1301.82
541.90
1084.58
1395.61
1849.79
1495.60
1426.00
1195.33
2667.56
1163.98
1122.65
1446.54
1091.28
1506.38
1314.37
2017.05
941.95
933.92
643.06
1437.06
1908.87
1651.58
2254.83
1346.76
1318.52
1632.09
1310.83
2344.86
1350.47
2044.09
1798.00
1412.72
1158.93
1383.42
1250.25
473.20
2384.31
2408.16
1398.30
1459.65
1254.32
1194.27
929.50
1638.62
1642.35
1549.77
1277.60
1307.82
1821.36
1859.07
811.92
1585.16
2377.35
717.50
2160.73
2013.78
1222.09
1406.40
2050.38
1850.13
1168.78
1223.27
1205.94
1180.58
1082.50
2282.80
1233.48
2197.13
2609.86
1590.04
1297.85
1789.17
1970.93
1000.60
1017.94
1548.00
1894.88
1050.40
1774.69
1322.86
594.88
1636.24
1092.40
1359.73
1426.20
1419.17
1842.34
1966.96
1165.10
1265.40
568.07
1363.20
1240.88
2393.95
1213.44
1324.80
2148.54
1220.09
1375.39
1653.69
1340.82
1503.84
1046.60
2437.96
1419.24
1038.42
839.80
1270.20
2322.30
1465.99
1114.89
2287.72
1445.49
1393.27
1378.01
1420.74
1132.15
1873.10
1261.48
1842.68
1879.08
1024.52
2337.70
1609.80
1694.62
940.69
1351.93
1227.81
2328.16
2490.10
1095.37
2075.65
821.75
1441.12
1827.42
1453.35
1618.20
1149.40
1500.03
1901.79
2425.15
1541.14
1286.48
1939.11
1488.70
2279.56
981.00
809.16
1582.55
1758.04
2435.10
964.22
1131.29
1153.75
1473.94
2303.74
1299.00
1056.49
1005.70
1668.10
1499.59
2359.93
1254.30
852.39
2227.76
2478.00
2159.14
2663.25
2235.13
1465.46
1312.20
1118.35
1573.62
1284.33
1872.80
2326.41
1264.56
1606.04
2454.71
1177.26
2326.07
1497.20
1584.32
1284.38
1191.73
1978.31
1656.81
1266.70
2027.39
1708.76
1473.60
2017.76
1117.70
2486.99
2296.42
2002.48
978.90
1500.55
1351.54
1893.59
1950.35
1089.46
2513.89
1294.39
2453.11
2567.10
1729.96
2553.60
1033.90
718.34
2302.00
1180.53
1698.55
1535.04
1451.60
1009.00
1393.70
1691.64
559.44
2141.17
2030.12
1255.54
1135.60
1907.68
1726.92
913.02
1430.94
2521.59
1628.02
1440.75
2024.90
1632.58
1206.47
1930.55
1398.16
521.87
970.47
1468.80
1080.72
1156.70
1856.78
1688.45
2500.19
2398.69
1438.30
1299.90
1207.72
1148.60
2049.79
1744.60
1622.80
2301.48
2479.21
1857.36
1357.52
1279.50
1262.10
1245.00
1524.39
1256.58
2260.43
1814.85
1867.72
1035.58
1814.95
2661.61
1409.03
1405.92
1799.32
2486.72
1138.00
1768.91
710.73
1958.53
1645.32
835.98
1287.00
1377.95
1885.95
1699.06
1833.44
1794.80
2002.14
1596.59
2287.49
1795.20
1479.20
2068.08
1172.30
1394.57
1719.53
1250.71
1460.88
1751.80
1694.85
2280.50
2514.27
2169.52
1603.50
1010.69
2176.65
1231.27
1136.06
1706.00
1390.53
1152.74
1248.16
1437.00
1352.74
1359.62
1180.70
1059.28
1946.38
1273.54
1584.63
2634.87
2008.78
546.20
1439.20
1488.05
2715.85
2212.45
992.50
1381.15
2300.50
1051.86
1776.00
2079.43
1520.79
1513.95
1793.54
530.00
897.73
1082.15
1041.87
1751.87
1537.91
1593.20
1102.63
1417.20
1411.04
774.40
1133.56
1313.73
2422.58
2055.39
2260.51
1289.17
1115.15
1031.84
1601.88
1564.96
1882.24
1668.60
1213.70
1002.72
2036.55
2445.48
935.39
1564.79
1209.93
1506.12
1482.36
1752.60
1688.73
1329.53
1277.51
1470.61
1908.73
1487.43
1356.79
1745.36
1417.10
1844.15
1153.83
1123.64
789.37
1522.45
1126.30
2031.30
1229.78
821.75
1519.79
826.88
1038.25
1662.32
1285.30
1113.38
947.65
795.75
476.00
1007.70
2155.42
1199.85
1489.10
1960.18
1926.48
1554.40
1985.97
2296.47
1068.61
1278.00
2355.56
1595.68
2003.70
977.80
1788.75
2167.43
985.50
1353.37
1616.89
1178.70
1415.99
1609.80
1341.02
1851.32
768.87
967.90
1251.31
1433.20
1233.89
1508.75
1144.00
1042.00
1240.30
1007.20
909.35
387.50
1577.44
1520.00
1280.22
2389.64
1239.09
2130.05
1401.88
1759.87
2359.22
2577.00
1344.66
2326.84
1704.57
1330.31
1644.03
1549.22
1080.96
1905.75
1760.20
1359.84
1446.60
819.14
2022.78
1276.78
1237.13
1376.46
1362.63
2532.15
1869.92
1199.27
2021.24
1684.49
1081.46
1632.77
1573.30
1461.40
1338.00
588.10
1295.80
940.69
1909.75
1315.20
936.36
1326.61
2010.80
1366.52
2117.60
1130.18
1761.62
1628.09
2165.35
1180.74
1524.08
781.54
1523.20
1685.56
1374.29
1030.82
2116.04
1332.17
960.70
2417.95
1646.84
1636.80
2001.74
1770.00
1679.00
2678.82
1372.99
1688.43
1492.80
1185.55
1768.62
1736.50
1974.42
1154.41
1488.75
1589.05
2096.10
2348.97
2525.58
2451.51
639.33
1664.17
1535.04
1480.16
860.10
1219.03
593.66
2315.36
998.70
2380.10
1507.17
930.48
1453.96
1202.78
1213.22
1275.61
911.48
2174.50
1241.79
753.06
1405.82
2470.16
1551.32
1664.77
2089.29
1376.10
1333.99
2303.08
1471.81
1629.20
2308.92
1378.01
1512.67
1133.23
1236.20
1304.63
1457.24
1293.48
1388.90
1605.60
1230.68
2074.88
2015.18
1353.48
1938.90
1569.22
1641.22
801.39
765.64
1124.47
2475.80
1455.20
1256.65
2495.24
1605.38
1300.05
1628.79
1654.18
1230.51
1333.32
2456.30
2433.74
1217.77
1276.75
1172.15
1936.74
2758.04
1343.28
1360.93
1612.09
2441.59
824.45
2304.72
1191.80
1088.91
1197.40
1375.04
1635.39
949.86
974.24
1221.60
1395.60
2031.33
1558.25
1812.22
1909.44
1113.70
1349.64
996.00
2621.27
1443.83
1624.53
1494.31
604.75
2326.91
1187.64
1274.40
911.31
1375.95
2094.97
1406.73
1309.45
2561.77
1162.53
1145.12
2227.58
1131.69
1596.08
1971.22
955.40
1210.71
1632.93
1813.20
1515.47
969.36
1148.40
1985.81
1146.38
1396.96
1961.53
1160.20
1208.05
1342.15
2258.28
1640.01
1329.00
2012.52
524.00
1028.45
1305.33
1236.77
1876.61
562.72
823.48
2573.76
1511.52
2428.36
1165.11
2377.39
1890.72
1286.85
1488.53
2439.23
1502.15
1026.20
1327.16
1036.80
2347.64
2280.00
1349.51
1630.38
2111.65
1700.00
1256.05
1560.30
1998.70
1118.90
1317.95
1884.10
1931.88
1142.73
1415.30
834.94
2151.18
1918.71
1707.12
1373.66
2379.41
1553.83
2291.91
1551.04
1304.92
733.62
1182.86
1592.64
1343.27
1380.20
1455.60
839.88
2389.06
1242.65
730.10
2028.29
976.60
1604.00
1333.02
1006.20
1598.61
2020.49
2414.20
1531.38
1322.59
1358.02
1532.77
740.15
2687.92
1692.58
2257.23
1700.95
405.70
1774.40
1032.00
1355.63
1610.07
2327.72
1316.10
2450.60
1101.03
1753.19
1885.38
1453.34
2056.71
1246.63
1977.70
1791.78
1519.41
1652.20
1748.58
895.50
1607.61
1740.90
1154.46
2166.25
1879.50
2374.04
1595.66
1100.13
880.67
1164.03
2410.42
1700.50
1912.40
602.95
1584.34
2125.66
1077.10
1645.36
1603.96
2198.46
390.02
2001.15
2701.35
2406.40
1192.69
1532.62
1658.81
2395.46
1811.48
2363.65
1576.55
1620.30
988.33
1692.24
1428.20
1331.40
1578.63
379.90
1919.15
1180.32
1837.44
1136.00
966.70
2045.07
1449.58
2134.35
2534.08
1222.60
2288.99
1089.09
2098.46
881.70
604.44
2000.43
1325.91
1686.87
632.08
2037.28
2237.53
632.59
1376.00
1014.98
2042.89
2305.73
1897.98
2496.34
1461.24
1361.67
656.89
593.08
1200.79
2678.99
1806.30
1367.49
722.37
1801.03
1100.20
2376.90
977.20
2278.79
1958.99
2116.40
874.11
2042.66
1858.97
1249.53
1722.29
1297.63
1067.95
1142.80
2581.22
954.30
1464.05
2552.57
1233.69
749.04
1759.64
1508.15
1457.37
1858.07
2100.55
2655.38
879.12
1822.91
1159.50
1509.84
1277.38
1116.70
1448.51
1417.17
1006.00
1246.20
1973.46
1917.35
1044.08
1136.95
1061.15
1176.26
1105.10
2142.94
2243.29
1146.47
1667.15
1697.70
2451.24
1914.41
2364.10
2315.04
1738.60
1957.41
1755.24
1326.15
1253.27
1894.84
2255.93
1678.81
1902.38
1819.54
723.57
1776.20
1237.60
1391.91
2053.31
1587.60
1983.20
716.52
2424.75
1675.74
2364.70
1734.92
2232.56
1453.28
1194.86
1773.70
651.41
998.95
1390.64
1219.91
1590.95
1035.29
2144.36
1782.71
1511.14
830.95
1167.80
1448.94
1320.69
1445.63
1356.17
1341.29
1259.34
1931.78
1605.68
1079.34
994.62
1339.24
1404.12
2168.88
847.71
1225.04
1643.41
781.47
2326.38
1272.00
1190.98
1682.32
1700.68
2381.20
2264.91
2073.65
1013.88
2203.11
1957.26
825.36
1683.15
1465.20
1251.00
2335.36
1476.80
1125.40
1646.68
763.80
1325.10
1017.24
1766.62
2185.97
1448.19
1451.75
1425.34
1374.41
1893.75
1844.51
1444.70
1768.40
1152.40
867.90
1791.55
1552.31
1339.28
1754.34
1593.17
1019.70
1619.77
1879.28
1447.60
1810.22
1108.60
1407.47
843.08
2137.70
2350.77
1041.60
765.08
1109.93
2211.35
2213.15
1194.04
2348.97
1720.27
1255.42
2429.21
1160.37
2500.90
1307.29
1121.90
1126.24
1454.90
1656.30
1101.59
1401.20
1470.70
1590.27
1608.41
1256.61
2420.83
1637.26
1438.34
2263.54
1032.94
1310.22
1288.80
962.50
2435.03
1626.49
1785.20
1455.00
920.19
2166.14
1431.40
1217.12
1156.70
2246.84
2807.66
937.23
1434.57
1712.33
924.07
808.80
1776.28
1455.43
1213.86
1292.26
1351.04
1331.91
2170.14
955.56
2000.82
1826.59
1351.70
943.42
1162.70
1008.33
1225.54
1791.41
1071.45
1849.59
788.50
1524.67
2141.47
2526.13
1201.97
1824.01
1257.50
1298.82
1752.38
1120.58
997.20
1859.20
1144.42
1568.25
1780.50
2182.63
1545.25
1093.10
1317.24
2022.90
1124.11
1285.41
1093.70
1153.87
936.00
1171.55
969.02
1714.87
1660.86
1262.40
1584.24
2163.51
1366.42
2022.55
628.80
500.90
1857.56
1861.64
1192.80
2030.18
1013.92
1619.72
745.28
2012.79
1243.70
2612.05
908.09
1482.02
1254.60
722.38
2401.58
913.30
809.40
1185.65
1212.89
1577.20
731.90
2194.55
1445.06
761.80
2326.48
2536.02
2240.40
1726.19
1207.74
2638.75
1255.17
1897.32
1580.07
1354.60
1467.68
1250.06
1094.07
1862.90
1274.54
1257.30
860.20
860.19
1843.95
1465.29
1903.85
2400.27
1690.57
1116.40
1443.35
1092.32
1269.97
1107.46
951.77
1476.30
1840.01
1242.90
1340.04
1761.88
908.18
1467.50
1907.82
1028.40
1839.61
964.61
1015.64
1695.01
1529.70
1953.42
1839.28
1965.10
1483.80
374.50
2174.41
1911.46
1666.14
1365.14
1484.21
1799.95
2584.21
1251.51
1925.82
1374.80
1867.95
970.43
2485.67
1573.60
1026.49
1920.40
1925.27
1680.80
1289.44
2361.35
2273.89
937.46
1192.46
1343.60
1678.52
745.06
1838.35
2488.02
1280.33
567.33
1473.31
761.45
1344.59
1882.52
1278.49
1042.54
1274.55
1542.09
2088.58
1836.59
1728.22
1310.99
459.44
1668.32
867.00
1266.60
965.06
1156.83
1206.31
1722.99
2198.60
1775.68
1317.72
2700.32
1707.39
1633.45
2375.57
1545.00
1533.87
1640.12
1448.23
1742.54
1194.80
1530.61
674.56
1732.70
1634.08
920.92
2531.30
1352.96
2308.18
1142.30
1783.03
1106.05
2519.21
1304.63
2457.38
1870.21
1671.23
1975.49
839.15
1069.36
769.98
2150.20
1288.53
1620.20
952.76
1965.45
1982.47
1460.63
1391.25
1510.20
1801.34
2549.40
1323.07
1080.11
1101.07
978.91
1188.92
1371.45
1084.88
1664.72
1388.91
403.47
1154.10
2193.91
1366.47
1499.58
1101.02
1974.42
1626.28
1601.18
1501.70
2783.20
1633.50
1938.58
1182.05
2237.10
2123.31
1468.25
1526.89
1518.40
1041.20
1214.57
375.88
1754.04
1296.40
1325.67
2334.33
1671.58
1366.40
1368.47
1593.26
2293.59
2273.92
366.94
1191.30
1243.79
2342.34
1126.09
2075.64
1711.88
2532.80
1017.07
1862.89
1738.12
1430.25
825.26
1934.37
1132.94
1305.17
1088.42
1603.35
2646.19
2206.98
567.00
1217.11
1189.69
1638.76
1007.22
842.99
1231.80
1477.50
1312.72
1455.65
1175.64
1690.81
1426.86
1018.60
2016.80
1285.80
1326.52
1000.14
1499.20
1241.82
2099.84
1123.48
1019.45
722.98
1326.87
1297.82
1038.32
1694.19
1281.68
2050.53
1801.57
958.72
1803.25
981.01
2408.12
1271.75
1792.70
1330.87
849.70
1847.20
1844.95
1456.40
2129.58
1273.39
1196.60
1386.22
2011.67
951.38
1651.81
2705.15
1221.09
2425.09
2177.53
1037.10
1068.70
1199.88
2176.97
1918.23
2077.97
835.08
849.00
2115.87
1640.54
1670.29
1609.07
1515.90
2572.61
1556.13
1370.37
1156.10
1667.43
1413.87
1656.03
719.90
1075.51
1447.19
1008.00
1945.45
1387.31
725.46
2037.60
1272.50
1786.40
1345.77
1875.11
2445.09
1884.83
1167.40
2340.58
1240.06
1579.33
1129.84
1790.73
1550.30
1600.80
1361.41
1343.18
1640.27
893.83
1187.81
1939.11
1827.04
1803.20
1739.55
2460.95
2022.86
1627.00
1517.05
1505.40
1012.34
1957.97
1650.40
1538.72
1122.80
1129.56
1329.90
1107.26
1129.76
1297.20
1394.55
1936.71
2057.57
1985.43
1613.23
1087.37
985.08
2236.52
487.50
962.77
1515.03
1751.06
1046.18
1182.52
1445.58
1314.50
741.72
1370.84
1684.02
2510.24
1708.47
1929.80
1627.85
1960.88
2156.29
1739.11
1098.65
2177.74
507.12
1420.57
1376.35
830.50
1023.38
1456.02
1230.85
1040.62
1778.87
1858.73
1911.20
1476.96
2057.49
2203.76
1833.99
2438.81
1522.58
871.09
1182.74
1174.12
840.88
1377.28
886.29
896.48
1376.11
2174.56
936.83
1140.64
1417.04
2203.95
2293.61
1283.13
919.34
1893.91
1578.49
1626.53
2046.26
2432.90
1224.30
742.80
1776.36
1464.90
1026.30
1655.56
2630.99
731.30
2633.92
1548.93
1601.57
1146.04
1124.63
1106.13
1225.51
1028.76
1849.43
1364.38
1390.91
2196.48
1440.94
1247.60
1343.23
1746.96
2284.30
1523.89
1090.76
1703.45
1546.72
1331.35
1286.56
1606.78
1008.72
1295.20
1867.29
1794.13
961.89
1042.51
1339.15
1017.65
1923.20
1647.02
1163.53
1432.36
1256.30
1321.80
1281.31
1328.54
1381.97
1391.10
1887.73
1457.30
1786.79
1606.65
1659.42
1550.61
1471.33
1674.75
1735.55
1206.90
1175.21
1337.20
1522.80
1070.42
1715.09
930.14
1677.48
2262.24
1241.62
1117.60
2473.31
1590.89
1473.30
1106.50
1032.60
1291.74
920.83
1084.30
1244.34
1151.80
1137.64
894.77
1273.25
1124.20
939.72
1570.20
1455.73
1417.73
1273.50
1251.17
1692.03
907.79
1960.96
712.18
1206.43
815.42
1138.10
1324.10
1779.38
2089.45
1002.70
2042.69
856.44
850.50
2414.65
1545.38
2648.36
1411.41
1491.20
1264.58
2429.32
1842.52
977.86
1732.41
2774.06
2141.54
1314.30
1630.70
844.39
1671.86
1841.27
1590.51
1153.00
1008.06
1428.00
2520.02
1808.42
924.66
1370.82
1998.70
1200.40
1988.52
2421.99
1068.38
842.30
1504.93
1639.35
1052.10
790.90
713.46
1601.92
2168.73
1289.33
2037.60
1235.09
2064.12
1358.80
1354.11
1749.50
2595.88
1737.24
1563.08
1601.75
1293.80
944.49
1551.20
1053.39
1847.41
1663.70
1187.66
1801.96
2277.93
1780.49
2275.13
1868.99
1150.41
1100.60
2540.91
1618.56
1308.00
1043.79
865.80
1363.71
1489.76
1609.90
1863.39
969.40
1614.50
1027.20
1398.76
1378.69
1105.11
935.08
1272.03
1030.65
1672.38
1266.42
1638.00
1243.27
1160.09
1240.53
1659.72
1670.22
1757.20
986.50
1198.59
1819.10
1494.93
1236.17
2638.21
2350.15
1110.82
1950.10
1855.64
1210.10
759.75
732.70
2133.66
1651.00
1123.17
1603.57
1529.57
1098.35
1994.83
1395.18
1777.30
1769.69
1463.33
1765.31
1834.44
1795.80
1594.65
1400.85
1854.00
1269.66
984.11
1378.10
1455.43
1165.62
1284.97
1657.20
1232.10
1952.57
1421.35
550.10
821.01
1959.86
1284.91
1320.52
1217.47
1315.18
1791.60
1171.60
1469.78
2358.47
1143.06
2048.90
1172.60
2001.10
1465.23
1993.09
1604.50
1718.53
1125.94
1448.20
2104.26
1113.11
928.75
966.40
1980.30
982.40
941.08
1907.76
1166.85
1446.00
1636.96
1165.01
2320.60
1923.01
1539.71
1547.85
1843.17
1490.86
1331.84
605.29
1797.78
2041.95
1871.29
802.15
1581.61
1348.19
2017.25
1040.65
2532.84
2605.15
1803.65
1565.43
2585.84
1021.52
1011.43
594.99
1182.14
1165.30
1284.42
1405.17
1504.60
2153.66
1345.80
2307.96
1334.34
2326.20
1510.40
1792.39
1982.22
2496.43
1196.16
1131.74
1634.76
1698.40
1717.30
1469.08
2437.30
1898.39
1493.11
1353.24
1550.07
550.52
1053.12
1194.93
1217.86
1336.38
577.42
1511.98
1963.95
1198.62
749.14
1161.45
1313.85
1346.82
1234.04
2125.57
1478.39
1577.04
2257.87
2243.22
1320.00
2265.43
1304.97
1696.35
490.26
828.70
2665.42
1057.85
1691.08
1115.28
1479.49
398.00
955.21
1581.45
1264.27
2324.96
2453.46
487.12
1390.41
555.10
1735.20
1909.60
1580.40
1230.59
1570.49
2092.38
627.30
275.59
2052.00
1151.58
1343.53
1615.62
819.00
1187.49
1161.30
1425.94
1303.67
1238.09
835.08
1925.28
1965.01
1927.06
712.79
1363.60
1010.48
1483.21
734.49
1014.89
1328.67
1479.61
1431.04
1380.76
1294.25
1478.80
762.20
1724.70
1157.06
1652.65
1847.68
1847.82
1281.99
853.16
1932.93
831.43
1023.69
1600.58
1749.62
961.90
1370.60
903.70
945.75
1166.88
1614.80
2327.31
2009.65
2230.76
1071.92
1690.22
999.54
1409.68
2489.88
1451.34
1167.64
1804.29
1178.49
1435.31
1827.14
1373.09
1965.02
1629.18
1036.00
1659.05
1995.30
2312.83
1577.30
1327.60
1060.19
1364.17
2633.48
1474.10
2287.63
1272.53
693.66
841.18
1159.97
1166.70
999.71
1692.00
453.06
1559.48
1217.62
1735.05
2151.03
1380.80
1163.57
924.02
905.72
1846.25
1230.30
944.01
1728.48
2065.29
1682.78
1806.80
1558.08
1447.05
2069.04
1162.60
1538.20
1265.60
1643.75
455.74
1850.40
1884.27
1220.70
907.90
1440.45
1596.48
1121.80
1445.30
1962.94
1053.60
1435.41
1299.19
1867.20
1285.80
1462.20
1004.50
1770.89
1734.55
1787.94
2191.74
1331.82
1389.56
2044.43
1229.02
1951.22
1504.66
1891.15
2178.80
1203.24
1293.32
1666.02
2323.92
2367.08
2049.94
1526.81
1612.85
1596.20
1295.60
1153.55
1613.62
790.41
1143.30
1373.21
2667.38
2055.25
2214.94
1340.23
825.12
2579.06
1247.21
1881.02
2273.25
864.70
1352.90
656.38
1176.53
1994.36
1425.86
1577.88
1535.00
1266.50
1099.80
973.94
1857.20
1151.80
1328.11
2461.32
1354.80
754.00
1435.20
1466.52
1221.77
1829.39
1622.38
1016.38
1574.60
803.50
659.00
2125.48
1220.37
1217.38
2393.95
1388.88
1090.98
2038.91
1398.84
1240.39
939.57
1326.63
1618.22
1395.80
2020.04
1706.81
1189.78
583.14
1216.20
1530.01
1609.97
1637.61
1363.44
888.58
892.60
1515.16
713.30
1782.72
2458.20
1075.93
2161.02
1773.79
2159.64
1964.00
1783.80
892.45
1521.85
1812.13
1874.62
465.08
2263.12
1908.40
1662.37
1421.71
1360.71
1335.80
865.60
2246.39
1978.94
1386.80
2546.20
655.70
1105.90
1301.86
766.27
2436.40
1193.14
1314.18
2128.80
1645.00
1201.00
1023.23
2515.14
1835.18
707.86
1456.53
1096.02
1823.94
1355.87
1598.16
1183.41
1512.42
1278.30
2452.02
1113.34
1631.37
1596.12
2515.01
1137.69
1618.33
1543.96
1115.92
732.80
1654.88
992.20
1016.64
1026.40
1488.08
1250.55
1714.30
1265.80
1356.14
1415.38
2568.41
995.12
2290.71
1573.80
1537.81
1416.42
1089.24
2027.71
1422.00
922.99
1355.10
1210.96
1088.34
2014.87
1606.47
2492.07
1937.44
2136.73
1063.34
1977.43
1729.50
2077.55
1289.21
1933.35
1586.18
1155.40
2050.99
1728.37
2190.59
1642.85
1802.63
1292.83
1568.84
841.20
1082.80
1169.55
1898.40
1029.03
2148.31
1283.14
764.89
1382.44
1858.06
861.07
145.24
979.25
1626.22
2307.52
2544.75
1729.13
1196.46
1422.49
1112.79
1558.38
940.16
1640.80
1145.15
1013.70
1293.46
1240.70
1558.60
805.23
1098.40
2146.78
1629.12
1398.80
2247.68
1685.60
2536.53
1546.31
1160.20
1988.32
2325.10
926.96
760.26
908.66
1225.88
1354.90
2038.19
1913.59
1404.19
1718.54
1246.13
963.10
1730.58
1978.15
2032.36
1575.76
1644.00
1694.63
1749.20
1772.73
1144.02
1820.00
910.00
1843.59
1510.31
1253.23
1867.56
1406.41
2095.23
1065.00
1701.14
661.38
2078.11
1390.10
1633.58
1699.44
1280.37
1539.10
1796.48
1480.58
2189.75
1350.59
2586.17
1207.80
1421.45
1682.11
995.20
2016.53
846.35
1952.40
1889.15
608.63
1289.74
1166.00
634.40
780.08
1601.03
1084.90
2029.52
1133.80
1174.90
2108.57
2182.02
876.92
1360.10
762.86
1736.03
1192.73
1665.90
2512.58
2019.33
1703.40
1385.10
2771.39
2517.50
1329.86
2213.84
1412.99
1601.06
1545.00
1749.16
535.30
1590.25
961.85
1100.98
2028.39
967.07
1493.50
1802.64
1530.58
1665.37
980.60
1776.00
1100.17
1537.19
1171.40
893.67
1314.00
1776.87
2247.82
1482.21
2031.50
1124.87
1598.57
1902.76
1575.89
1636.92
2247.81
1952.20
1315.33
1031.40
2436.20
2705.74
1467.60
1155.91
1176.74
1756.39
1287.70
1761.88
1178.00
2074.47
870.48
1654.05
1481.57
1972.41
2558.70
1545.20
335.88
1560.85
2157.93
1360.02
1026.04
1547.94
1187.62
2547.30
925.73
2373.44
1142.89
1475.71
1710.94
2566.55
1801.74
1032.96
1848.38
1730.34
1347.74
423.90
1554.00
1277.27
1462.62
1379.04
1467.40
938.60
622.00
747.62
2374.82
1386.15
